[gd_scene format=3 uid="uid://fedgjeypg71c"]

[ext_resource type="Environment" uid="uid://d0n1ouulw4mrl" path="res://Data/default_environment.tres" id="1_0p2r0"]
[ext_resource type="Material" uid="uid://bk78uuhgqo1e3" path="res://Art/Materials/Spatial/hospital_wall.tres" id="2_8s2oe"]
[ext_resource type="Material" uid="uid://ci51i1g1moq1l" path="res://Art/Materials/Spatial/hospital_floor.tres" id="2_ekdm0"]
[ext_resource type="PackedScene" uid="uid://b4meaoog8qr74" path="res://Content/Props/BouncePad/bounce_pad.tscn" id="3_ug3bg"]
[ext_resource type="Material" uid="uid://darmjdbd1htec" path="res://Art/Materials/Spatial/frosted_glass_glowing.tres" id="4_0p2r0"]
[ext_resource type="PackedScene" uid="uid://cmfuhbafj68o0" path="res://Content/Props/Lights/Ceiling Lamp/ceiling_lamp.tscn" id="5_l8nq4"]

[node name="World" type="Node3D" unique_id=886298498]

[node name="WorldEnvironment" type="WorldEnvironment" parent="." unique_id=1801129146]
environment = ExtResource("1_0p2r0")

[node name="CSGBox3D" type="CSGBox3D" parent="." unique_id=2137742346]
transform = Transform3D(4.777422, 0, 0, 0, 1, 0, 0, 0, 4.9483514, 0, -718.43726, 0)
use_collision = true
size = Vector3(10, 1434.606, 10)
material = ExtResource("2_8s2oe")

[node name="CSGSphere3D" type="CSGSphere3D" parent="CSGBox3D" unique_id=947592808]
transform = Transform3D(1, 0, 0, 0, 1, 0, 0, 0, 1.0000001, 0, 717.35364, 0)
operation = 2
radius = 2.6291103
radial_segments = 24
material = ExtResource("2_ekdm0")

[node name="Ring" type="Node3D" parent="." unique_id=1140800460]
transform = Transform3D(1, 0, 0, 0, 6.4511137, 0, 0, 0, 1, 0, -34.79871, 0)

[node name="CSGBox3D7" type="CSGBox3D" parent="Ring" unique_id=307610414]
transform = Transform3D(1, 0, 0, 0, 1, 0, 0, 0, 1, 30, -0.15657234, 0)
use_collision = true
size = Vector3(4, 13.38, 64)
material = ExtResource("2_8s2oe")

[node name="CSGBox3D8" type="CSGBox3D" parent="Ring" unique_id=1298484174]
transform = Transform3D(1, 0, 0, 0, 1, 0, 0, 0, 1, -30, -0.15657234, 0)
use_collision = true
size = Vector3(4, 13.38, 64)
material = ExtResource("2_8s2oe")

[node name="CSGBox3D9" type="CSGBox3D" parent="Ring" unique_id=179455387]
transform = Transform3D(-4.371139e-08, 0, -1, 0, 1, 0, 1, 0, -4.371139e-08, -1.3113416e-06, -0.15657234, 30)
use_collision = true
size = Vector3(4, 13.38, 64)
material = ExtResource("2_8s2oe")

[node name="CSGBox3D10" type="CSGBox3D" parent="Ring" unique_id=2142724429]
transform = Transform3D(-4.371139e-08, 0, -1, 0, 1, 0, 1, 0, -4.371139e-08, 1.3113416e-06, -0.15657234, -30)
use_collision = true
size = Vector3(4, 13.38, 64)
material = ExtResource("2_8s2oe")

[node name="BouncePad" parent="." unique_id=1170943954 instance=ExtResource("3_ug3bg")]
transform = Transform3D(0.70710677, 0, -0.70710677, 0, 1, 0, 0.70710677, 0, 0.70710677, -13.788582, -1.1365192, -13.788582)

[node name="BouncePad2" parent="." unique_id=781711815 instance=ExtResource("3_ug3bg")]
transform = Transform3D(0.70710677, 0, -0.70710677, 0, 1, 0, 0.70710677, 0, 0.70710677, 13.788582, -1.1365192, 13.788582)

[node name="BouncePad3" parent="." unique_id=1870972278 instance=ExtResource("3_ug3bg")]
transform = Transform3D(-0.70710695, 0, -0.7071066, 0, 1, 0, 0.7071066, 0, -0.70710695, 13.788582, -1.1365192, -13.788582)

[node name="BouncePad4" parent="." unique_id=367925461 instance=ExtResource("3_ug3bg")]
transform = Transform3D(-0.70710695, 0, -0.7071066, 0, 1, 0, 0.7071066, 0, -0.70710695, -13.788582, -1.1365192, 13.788582)

[node name="CSGCylinder3D" type="CSGCylinder3D" parent="." unique_id=414393131]
transform = Transform3D(1, 0, 0, 0, 1, 0, 0, 0, 1, -10, 0.7557373, -10)
use_collision = true
radius = 1.1142578
height = 7.837158
sides = 16
material = ExtResource("2_ekdm0")

[node name="CSGCylinder3D5" type="CSGCylinder3D" parent="." unique_id=743017996]
transform = Transform3D(0.7303798, 0.25, 0.6356457, -0.0062360317, 0.93301284, -0.35978943, -0.6830128, 0.25881907, 0.6830127, -6.713768, 16.693144, -6.592387)
use_collision = true
radius = 1.1142578
height = 26.719833
sides = 16
material = ExtResource("2_ekdm0")

[node name="CSGCylinder3D6" type="CSGCylinder3D" parent="." unique_id=1151559953]
transform = Transform3D(-0.73081416, -0.25016546, -0.635081, -0.0065131914, 0.9329309, -0.35999683, 0.68254536, -0.2589544, -0.6834285, 6.714, 16.693, 6.592)
use_collision = true
radius = 1.1142578
height = 26.719833
sides = 16
material = ExtResource("2_ekdm0")

[node name="CSGCylinder3D7" type="CSGCylinder3D" parent="." unique_id=1976816614]
transform = Transform3D(0.6830127, -0.25881913, -0.6830127, -0.00623601, 0.9330127, -0.35978943, 0.7303799, 0.24999994, 0.6356456, 6.59231, 16.693144, -6.7140775)
use_collision = true
radius = 1.1142578
height = 26.719833
sides = 16
material = ExtResource("2_ekdm0")

[node name="CSGCylinder3D8" type="CSGCylinder3D" parent="." unique_id=1874591051]
transform = Transform3D(-0.6825453, 0.2589544, 0.6834285, -0.0065132026, 0.932931, -0.35999686, -0.7308143, -0.2501655, -0.635081, -6.592078, 16.693, 6.7136903)
use_collision = true
radius = 1.1142578
height = 26.719833
sides = 16
material = ExtResource("2_ekdm0")

[node name="CSGCylinder3D2" type="CSGCylinder3D" parent="." unique_id=1204089098]
transform = Transform3D(1, 0, 0, 0, 1, 0, 0, 0, 1, 10, 0.96486866, 10)
use_collision = true
radius = 1.1142578
height = 7.418579
sides = 16
material = ExtResource("2_ekdm0")

[node name="CSGCylinder3D3" type="CSGCylinder3D" parent="." unique_id=1586394941]
transform = Transform3D(-4.371139e-08, 0, -1, 0, 1, 0, 1, 0, -4.371139e-08, 10, 0.7557373, -10)
use_collision = true
radius = 1.1142578
height = 7.837158
sides = 16
material = ExtResource("2_ekdm0")

[node name="CSGCylinder3D4" type="CSGCylinder3D" parent="." unique_id=790440889]
transform = Transform3D(-4.371139e-08, 0, -1, 0, 1, 0, 1, 0, -4.371139e-08, -10, 0.7555791, 10)
use_collision = true
radius = 1.1142578
height = 7.837158
sides = 16
material = ExtResource("2_ekdm0")

[node name="CSGSphere3D" type="CSGSphere3D" parent="." unique_id=322159902]
transform = Transform3D(1, 0, 0, 0, 1, 0, 0, 0, 1, 0, 27.914827, 0)
use_collision = true
radius = 6.0
radial_segments = 48
rings = 24
material = ExtResource("4_0p2r0")

[node name="OmniLight3D" type="OmniLight3D" parent="CSGSphere3D" unique_id=1542744196]
light_color = Color(0, 1, 0, 1)
light_energy = 5.0
light_volumetric_fog_energy = 2.0
light_size = 6.0
light_bake_mode = 1
omni_range = 37.091156

[node name="CSGBox3D2" type="CSGBox3D" parent="." unique_id=610823708]
transform = Transform3D(1, 0, 0, 0, 1, 0, 0, 0, 1, 0, 3.6243796, 0)
use_collision = true
size = Vector3(12, 0.5, 12)
material = ExtResource("2_ekdm0")

[node name="CSGBox3D3" type="CSGBox3D" parent="." unique_id=349218171]
transform = Transform3D(1, 0, 0, 0, 0.9324375, 0.3613317, 0, -0.3613317, 0.9324375, 0, 1.0192871, -12.687427)
use_collision = true
size = Vector3(2.52, 0.5, 14.522766)
material = ExtResource("2_ekdm0")

[node name="CSGBox3D4" type="CSGBox3D" parent="." unique_id=314324731]
transform = Transform3D(-1, 3.1614228e-08, -8.150634e-08, 0, 0.93232393, 0.3616246, 8.742278e-08, 0.3616246, -0.93232393, 0, 1.019, 12.687)
use_collision = true
size = Vector3(2.52, 0.5, 14.522766)
material = ExtResource("2_ekdm0")

[node name="CSGBox3D5" type="CSGBox3D" parent="." unique_id=532950970]
transform = Transform3D(-4.371139e-08, 0.3613317, -0.9324375, 0, 0.9324375, 0.3613317, 1, 1.579431e-08, -4.0758138e-08, 12.687214, 1.0192871, -0.00021259164)
use_collision = true
size = Vector3(2.52, 0.5, 14.522766)
material = ExtResource("2_ekdm0")

[node name="CSGBox3D6" type="CSGBox3D" parent="." unique_id=2128659387]
transform = Transform3D(-4.371138e-08, -0.3616246, 0.93232393, -1.7763567e-15, 0.93232393, 0.3616246, -1, 1.5807114e-08, -4.0753168e-08, -12.687214, 1.019, -0.00021370078)
use_collision = true
size = Vector3(2.52, 0.5, 14.522766)
material = ExtResource("2_ekdm0")

[node name="CeilingLamp" parent="." unique_id=1536409552 instance=ExtResource("5_l8nq4")]
transform = Transform3D(1, 0, 0, 0, 1, 0, 0, 0, 1, 0, 3.1757998, 0)
